tweet_id,favorite_count,retweet_count
892420643555336193,37087,7923
892177421306343426,31912,5886
891815181378084864,24024,3886
891689557279858688,40412,8078
891327558926688256,38628,8756
891087950875897856,19411,2911
890971913173991426,11327,1930
890729181411237888,62563,17669
890609185150312448,26712,4011
890240255349198849,30587,6893
890006608113172480,29449,6864
889880896479866881,26717,4672
889665388333682689,46087,9398
889638837579907072,25982,4219
889531135344209921,14504,2113
889278841981685760,24188,5018
888917238123831296,27920,4210
888804989199671297,24524,3988
888554962724278272,18990,3288
888078434458587136,20862,3258
887705289381826560,28980,5044
887517139158093824,44445,10990
887473957103951883,66069,16893
887343217045368832,32301,9796
887101392804085760,29326,5578
886983233522544640,33629,7189
886736880519319552,11524,3034
886680336477933568,21511,4176
886366144734445568,20289,2988
886267009285017600,115,4
886258384151887873,26831,5913
886054160059072513,0,103
885984800019947520,31274,6319
885528943205470208,34497,5995
885518971528720385,19630,3496
885311592912609280,0,17372
885167619883638784,21010,4097
884925521741709313,74154,16995
884876753390489601,26751,5253
884562892145688576,23318,4414
884441805382717440,25933,5328
884247878851493888,69886,19060
884162670584377345,19548,2793
883838122936631299,20970,3234
883482846933004288,44037,9276
883360690899218434,21750,3470
883117836046086144,35605,6229
882992080364220416,22937,3655
882762694511734784,27127,4592
882627270321602560,26800,5686
882268110199369728,43073,10869
882045870035918850,28126,4592
881906580714921986,23332,3185
881666595344535552,48585,10018
881633300179243008,121,7
881536004380872706,47403,14967
881268444196462592,22240,4913
880935762899988482,16334,2616
880872448815771648,20422,3583
880465832366813184,27360,5852
880221127280381952,25913,3945
880095782870896641,26531,4070
879862464715927552,21455,3275
879674319642796034,301,10
879492040517615616,22518,2985
879415818425184262,101639,41684
879376492567855104,16147,2932
879130579576475649,0,6397
879050749262655488,21645,4396
879008229531029506,18226,2525
878776093423087618,18609,3855
878604707211726852,28972,6710
878404777348136964,0,1210
878316110768087041,0,6274
878281511006478336,7418,1210
878057613040115712,40418,6397
877736472329191424,76436,17888
877611172832227328,0,74
877556246731214848,21817,3582
877316821321428993,26327,4872
877201837425926144,26041,5259
876838120628539392,19904,3140
876537666061221889,22669,4397
876484053909872640,18040,2244
876120275196170240,26857,4399
875747767867523072,24214,4020
875144289856114688,21088,4646
875097192612077568,26393,5725
875021211251597312,24499,4456
874680097055178752,26769,4370
874434818259525634,0,13770
874296783580663808,25062,3885
874057562936811520,21852,3743
874012996292530176,33197,9742
873580283840344065,23314,3719
873337748698140672,0,1505
873213775632977920,6927,1505
872967104147763200,26290,5117
872820683541237760,14194,3514
872620804844003328,19992,3465
872486979161796608,39255,8547
872122724285648897,33183,7688
871879754684805121,36461,10487
871762521631449091,19555,3300
871515927908634625,19465,3288
871166179821445120,0,5424
871102520638267392,20236,5237
871032628920680449,21939,3632
870804317367881728,32515,5889
870726314365509632,118,3
870656317836468226,11984,2508
870374049280663552,80178,25171
870308999962521604,21174,3958
870063196459192321,35431,7922
869772420881756160,41156,9622
869702957897576449,27366,6028
869596645499047938,15492,2992
869227993411051520,19807,3611
868880397819494401,63547,13813
868639477480148993,0,1989
868622495443632128,25933,5079
868552278524837888,9811,1989
867900495410671616,23520,4007
867774946302451713,33015,7047
867421006826221569,15665,2383
867072653475098625,0,117
867051520902168576,31360,7555
866720684873056260,19516,4614
866686824827068416,18768,3336
866450705531457537,119138,33910
866334964761202691,51140,13770
866094527597207552,0,8070
865718153858494464,25012,5409
865359393868664832,25813,4813
865006731092295680,27331,7404
864873206498414592,31491,8390
864279568663928832,14245,2916
864197398364647424,29363,8567
863907417377173506,20136,3988
863553081350529029,14936,4042
863471782782697472,0,2352
863432100342583297,23281,5072
863427515083354112,2188,92
863079547188785154,8584,1067
863062471531167744,8300,2352
862831371563274240,18770,4980
862722525377298433,16718,3427
862457590147678208,20054,4793
862096992088072192,72947,22475
861383897657036800,35386,10398
861288531465048066,16870,4020
861005113778896900,16391,3709
860981674716409858,0,2091
860924035999428608,0,787
860563773140209665,7375,2091
860524505164394496,23216,5154
860276583193509888,18014,3398
860184849394610176,16382,5700
860177593139703809,0,30163
859924526012018688,19246,3996
859851578198683649,15165,3429
859607811541651456,18284,1527
859196978902773760,88578,29434
859074603037188101,33366,13308
858860390427611136,0,7953
858843525470990336,15322,3424
858471635011153920,21191,4749
858107933456039936,15520,2855
857989990357356544,15910,2541
857746408056729600,33808,10417
857393404942143489,5818,1610
857263160327368704,19791,4432
857214891891077121,225,17
857062103051644929,0,168
857029823797047296,18712,3933
856543823941562368,16123,2834
856526610513747968,11745,1849
856330835276025856,0,655
856288084350160898,510,15
856282028240666624,27505,6194
855862651834028034,342,26
855860136149123072,4959,988
855857698524602368,11780,2092
855851453814013952,45240,17710
855818117272018944,26451,5362
855459453768019968,29690,8129
855245323840757760,0,5907
855138241867124737,0,44
854732716440526848,22718,6007
854482394044301312,29179,6835
854365224396361728,18816,4656
854120357044912130,31891,7442
854010172552949760,16162,3139
853760880890318849,28546,5722
853639147608842240,34759,10050
853299958564483072,15510,3540
852936405516943360,0,1999
852912242202992640,9073,1822
852672615818899456,14936,2148
852553447878664193,16344,3494
852311364735569921,33201,9929
852226086759018497,20065,6853
852189679701164033,11486,1585
851861385021730816,0,19
851591660324737024,16302,3484
851464819735769094,24348,7081
851224888060895234,20762,5745
850753642995093505,31057,9201
850380195714523136,13158,2628
850333567704068097,3476,335
850145622816686080,16444,3827
850019790995546112,20573,4907
849776966551130114,30716,7655
849668094696017920,0,4981
849412302885593088,15992,3174
849336543269576704,11505,1916
849051919805034497,42733,8549
848690551926992896,25426,4360
848324959059550208,24992,4639
848213670039564288,8273,741
848212111729840128,16493,3083
847978865427394560,0,3293
847971574464610304,0,436
847962785489326080,23776,5148
847842811428974592,5513,1344
847617282490613760,7075,421
847606175596138505,18986,3460
847251039262605312,20713,4336
847157206088847362,20163,5943
847116187444137987,21685,3226
846874817362120707,20343,3969
846514051647705089,45226,11727
846505985330044928,14300,3107
846153765933735936,32096,9183
846139713627017216,31385,10108
846042936437604353,16229,2912
845812042753855489,29689,8835
845677943972139009,25539,4858
845397057150107648,7748,1836
845306882940190720,23688,5464
845098359547420673,0,7777
844979544864018432,13842,2598
844973813909606400,15343,3258
844580511645339650,16753,3185
844223788422217728,13864,2240
843981021012017153,15402,2992
843856843873095681,21821,4706
843604394117681152,17176,2792
843235543001513987,21890,6127
842846295480000512,15503,3696
842765311967449089,6873,1306
842535590457499648,18412,3576
842163532590374912,24905,5907
842115215311396866,14259,3095
841833993020538882,0,15480
841680585030541313,26177,7949
841439858740625411,12902,3759
841320156043304961,20175,5600
841314665196081154,16140,4768
841077006473256960,23311,5424
840761248237133825,0,1796
840728873075638272,0,16523
840698636975636481,178,2
840696689258311684,12527,997
840632337062862849,9159,1796
840370681858686976,16797,4651
840268004936019968,19678,5859
839990271299457024,13705,2341
839549326359670784,28069,7953
839290600511926273,0,146
839239871831150596,27780,6686
838952994649550848,20053,4088
838921590096166913,11400,2108
838916489579200512,0,35
838831947270979586,0,11291
838561493054533637,11159,1363
838476387338051585,23080,4898
838201503651401729,0,10319
838150277551247360,1710,339
838085839343206401,145,1
838083903487373313,18031,3224
837820167694528512,34955,8070
837482249356513284,3919,450
837471256429613056,13095,2333
837110210464448512,16418,2436
836989968035819520,13029,2345
836753516572119041,19753,4768
836677758902222849,12916,2276
836648853927522308,0,564
836397794269200385,0,28330
836380477523124226,15111,3061
836260088725786625,21816,4409
836001077879255040,19568,4376
835685285446955009,0,8365
835574547218894849,18231,3710
835536468978302976,0,1749
835309094223372289,0,21626
835297930240217089,16859,3093
835264098648616962,7917,1749
835246439529840640,2152,73
835172783151792128,26814,5921
835152434251116546,23025,3113
834931633769889797,11096,1698
834786237630337024,21822,5638
834574053763584002,14028,2606
834477809192075265,0,11004
834458053273591808,9868,1731
834209720923721728,21159,4904
834167344700198914,16200,3760
834089966724603904,10313,2195
834086379323871233,13406,2272
833863086058651648,13754,2473
833826103416520705,18486,3874
833732339549220864,0,223
833722901757046785,21305,3322
833479644947025920,15243,2112
833124694597443584,20713,4981
832998151111966721,13660,2280
832769181346996225,0,39
832757312314028032,17300,3730
832682457690300417,12202,3024
832645525019123713,3009,541
832636094638288896,16283,2874
832397543355072512,12261,2285
832369877331693569,17652,3293
832273440279240704,11635,2409
832215909146226688,0,6416
832215726631055365,0,9672
832088576586297345,67,2
832040443403784192,0,9964
832032802820481025,18353,4816
831939777352105988,24671,6344
831926988323639298,350,34
831911600680497154,28424,6724
831670449226514432,10740,1876
831650051525054464,7370,1999
831552930092285952,9244,2377
831322785565769729,9500,1594
831315979191906304,6718,1158
831309418084069378,12071,2536
831262627380748289,12246,2115
830956169170665475,8195,1542
830583320585068544,68835,17372
830173239259324417,0,5900
830097400375152640,10120,3072
829878982036299777,0,5206
829861396166877184,12592,2023
829501995190984704,32709,11004
829449946868879360,10785,2097
829141528400556032,25173,7639
829011960981237760,54672,16880
828801551087042563,0,3528
828770345708580865,26331,6087
828708714936930305,37690,11637
828650029636317184,9804,1408
828409743546925057,6521,1202
828408677031882754,7913,1337
828381636999917570,13013,2298
828376505180889089,7613,1110
828372645993398273,12954,3053
828361771580813312,2275,177
828046555563323392,12130,2962
828011680017821696,10669,2227
827933404142436356,20746,5430
827653905312006145,15947,3111
827600520311402496,7650,975
827324948884643840,16338,3166
827199976799354881,10904,2322
826958653328592898,22255,5206
826848821049180160,37574,10578
826615380357632002,0,4126
826598799820865537,5274,264
826598365270007810,10378,2435
826476773533745153,19013,4373
826240494070030336,13710,2701
826204788643753985,5031,964
826115272272650244,16150,3252
825876512159186944,10783,1950
825829644528148480,13155,2581
825535076884762624,53932,17973
825147591692263424,18915,4732
825120256414846976,0,1323
825026590719483904,6546,1323
824796380199809024,0,5712
824775126675836928,15434,3663
824663926340194305,10434,1807
824325613288833024,12217,10905
824297048279236611,15592,4024
824025158776213504,4964,617
823939628516474880,10994,2817
823719002937630720,0,11672
823699002998870016,14421,2621
823581115634085888,13473,2741
823333489516937216,720,26
823322678127919110,16271,4192
823269594223824897,0,10307
822975315408461824,17888,3591
822872901745569793,136650,45223
822859134160621569,13731,2391
822647212903690241,0,6674
822610361945911296,15307,3071
822489057087389700,18812,6674
822462944365645825,29269,15066
822244816520155136,36261,10307
822163064745328640,0,5004
821886076407029760,11744,2419
821813639212650496,0,3492
821765923262631936,8715,1719
821522889702862852,8309,1845
821421320206483457,0,5837
821407182352777218,12213,4524
821153421864615936,264,10
821149554670182400,9003,2089
821107785811234820,9933,2225
821044531881721856,13109,2378
820837357901512704,0,7034
820749716845686786,32702,10319
820690176645140481,12650,3371
820494788566847489,0,592
820446719150292993,0,2691
820314633777061888,3462,592
820078625395449857,20556,6549
820013781606658049,0,1236
819952236453363712,5529,1236
819924195358416896,13368,5079
819711362133872643,13946,3251
819588359383371776,9974,2066
819347104292290561,7492,1256
819238181065359361,2371,423
819227688460238848,23976,7034
819015337530290176,0,38486
819015331746349057,0,19782
819006400881917954,46942,19782
819004803107983360,90181,38486
818646164899774465,0,21920
818627210458333184,23233,7881
818614493328580609,10227,2687
818588835076603904,0,6419
818536468981415936,11332,2584
818307523543449600,0,8493
818259473185828864,11440,2385
818145370475810820,12756,2693
817908911860748288,5039,835
817827839487737858,53779,28330
817777686764523521,11141,2821
817536400337801217,12251,3123
817502432452313088,0,3548
817423860136083457,35348,15480
817415592588222464,5825,1004
817181837579653120,0,8862
817171292965273600,9089,2113
817120970343411712,12686,2721
817056546584727552,8921,1719
816829038950027264,0,4931
816816676327063552,10416,2139
816697700272001025,10184,2293
816450570814898180,31754,8493
816336735214911488,8947,2037
816091915477250048,9277,2247
816062466425819140,0,1078
816014286006976512,0,5526
815990720817401858,5168,1078
815966073409433600,23313,8862
815745968457060357,0,4341
815736392542261248,10238,2377
815639385530101762,8556,1723
815390420867969024,10792,3988
814986499976527872,7971,1345
814638523311648768,11739,2835
814578408554463233,0,6115
814530161257443328,9004,1944
814153002265309185,29998,9097
813944609378369540,0,3342
813910438903693312,9694,1960
813812741911748608,37914,14668
813800681631023104,8688,1848
813217897535406080,19457,7659
813202720496779264,9596,1887
813187593374461952,20696,4587
813172488309972993,9688,2012
813157409116065792,8092,2325
813142292504645637,8825,2490
813130366689148928,4663,472
813127251579564032,12357,3279
813112105746448384,10750,2887
813096984823349248,10969,3796
813081950185472002,10293,2904
813066809284972545,8309,2050
813051746834595840,21842,7722
812781120811126785,7904,2007
812709060537683968,6907,1499
812503143955202048,6324,1292
812466873996607488,8315,2024
812372279581671427,14276,3854
811985624773361665,7576,1475
811744202451197953,7879,1677
811647686436880384,5840,781
811627233043480576,13321,3256
811386762094317568,21812,6703
810984652412424192,5573,1517
810896069567610880,9426,1863
810657578271330305,11464,2787
810284430598270976,36856,11934
810254108431155201,15320,3528
809920764300447744,16162,4126
809808892968534016,0,5144
809448704142938112,7246,1539
809220051211603969,20785,5900
809084759137812480,13806,3708
808838249661788160,10553,3206
808733504066486276,8271,2280
808501579447930884,11790,2739
808344865868283904,44449,21920
808134635716833280,0,6246
808106460588765185,9162,2324
808001312164028416,13119,3722
807621403335917568,15205,3839
807106840509214720,123851,58421
807059379405148160,0,7718
807010152071229440,13637,4052
806629075125202948,78235,36514
806620845233815552,0,5821
806576416489959424,5088,2046
806542213899489280,10679,2479
806242860592926720,0,12247
806219024703037440,6718,1251
805958939288408065,0,5648
805932879469572096,8634,2014
805826884734976000,6865,1924
805823200554876929,0,8458
805520635690676224,6006,1734
805487436403003392,9181,2665
805207613751304193,8149,1800
804738756058218496,14315,4041
804475857670639616,6405,2119
804413760345620481,0,3391
804026241225523202,46594,16998
803773340896923648,10502,2902
803692223237865472,0,7818
803638050916102144,11449,4340
803380650405482500,8110,1955
803321560782307329,0,5595
803276597545603072,10487,2590
802952499103731712,9430,2106
802624713319034886,0,3067
802600418706604034,7433,1544
802572683846291456,9352,2636
802323869084381190,16931,6141
802265048156610565,7052,1435
802239329049477120,9476,2748
802185808107208704,0,280
801958328846974976,8077,1791
801854953262350336,1851,249
801538201127157760,8563,2173
801285448605831168,6328,866
801167903437357056,25625,6246
801127390143516673,0,4155
801115127852503040,8448,2211
800859414831898624,718,100
800855607700029440,0,1695
800751577355128832,11021,2930
800513324630806528,13728,3157
800459316964663297,9918,2271
800443802682937345,0,4540
800388270626521089,11667,2951
800188575492947969,0,4162
800141422401830912,15999,2691
800018252395122689,29714,13863
799774291445383169,0,4930
799757965289017345,8785,2271
799422933579902976,8420,2028
799308762079035393,0,5771
799297110730567681,10344,2908
799063482566066176,8449,2599
798933969379225600,13723,4723
798925684722855936,7803,1505
798705661114773508,0,6975
798701998996647937,0,8201
798697898615730177,0,6847
798694562394996736,0,5232
798686750113755136,0,2451
798682547630837760,0,4963
798673117451325440,0,5849
798665375516884993,0,4103
798644042770751489,0,1951
798628517273620480,0,2073
798585098161549313,0,6009
798576900688019456,0,6146
798340744599797760,0,3539
798209839306514432,10876,2695
797971864723324932,12155,3285
797545162159308800,15183,5114
797236660651966464,20883,6969
797165961484890113,235,28
796904159865868288,0,9389
796865951799083009,8036,2013
796759840936919040,12398,3221
796563435802726400,0,7672
796484825502875648,7932,1857
796387464403357696,11516,4374
796177847564038144,0,15068
796149749086875649,33796,15068
796125600683540480,5187,1893
796116448414461957,9541,2548
796080075804475393,8854,2440
796031486298386433,11314,3900
795464331001561088,52023,24981
795400264262053889,10546,3040
795076730285391872,16959,5712
794983741416415232,0,3549
794926597468000259,10746,2433
794355576146903043,0,10846
794332329137291264,10016,2804
794205286408003585,9627,3496
793962221541933056,17582,5144
793845145112371200,9642,1968
793614319594401792,0,3290
793601777308463104,8345,1710
793500921481273345,11180,2501
793286476301799424,25731,9672
793271401113350145,9083,2512
793256262322548741,20918,8788
793241302385262592,11002,3454
793226087023144960,10299,3027
793210959003287553,9343,2943
793195938047070209,15991,5925
793180763617361921,7262,2106
793165685325201412,9852,2930
793150605191548928,6473,1795
793135492858580992,6758,2614
793120401413079041,13285,4120
792913359805018113,15000,4188
792883833364439040,11824,4491
792773781206999040,7694,1769
792394556390137856,14049,4515
792050063153438720,7500,1902
791821351946420224,0,22179
791784077045166082,0,10120
791780927877898241,0,4009
791774931465953280,47176,23374
791672322847637504,12281,3290
791406955684368384,13716,4341
791312159183634433,9172,2667
791026214425268224,0,4315
790987426131050500,10312,2239
790946055508652032,17400,4931
790723298204217344,0,2437
790698755171364864,8576,2022
790581949425475584,21603,7553
790337589677002753,8172,1971
790277117346975746,13130,3342
790227638568808452,0,3760
789986466051088384,9663,2437
789960241177853952,0,4341
789903600034189313,10853,4340
789628658055020548,7857,1868
789599242079838210,7074,2023
789530877013393408,12295,3549
789314372632018944,9017,2408
789280767834746880,0,5194
789268448748703744,9522,2732
789137962068021249,10141,2942
788908386943430656,28631,13075
788765914992902144,28648,10846
788552643979468800,0,7578
788412144018661376,16270,5536
788178268662984705,7548,2205
788150585577050112,6402,1359
788070120937619456,0,3604
788039637453406209,6421,1386
787810552592695296,9059,3218
787717603741622272,10686,2919
787397959788929025,11345,2987
787322443945877504,8139,1829
787111942498508800,0,7076
786963064373534720,27782,8365
786729988674449408,0,2526
786709082849828864,19031,6416
786664955043049472,11100,2680
786595970293370880,9821,3276
786363235746385920,11375,3684
786286427768250368,8312,3003
786233965241827333,15946,5004
786051337297522688,1486,160
786036967502913536,0,7400
785927819176054784,11884,3329
785872687017132033,6983,1918
785639753186217984,8159,2335
785533386513321988,9501,2093
785515384317313025,6364,1328
785264754247995392,7566,1712
785170936622350336,12581,5082
784826020293709826,10558,3391
784517518371221505,9350,2662
784431430411685888,5949,1347
784183165795655680,20984,8458
784057939640352768,31106,11672
783839966405230592,31298,11291
783821107061198850,7666,2056
783695101801398276,10886,3363
783466772167098368,8806,2351
783391753726550016,17582,5761
783347506784731136,0,5847
783334639985389568,30401,12247
783085703974514689,8499,2323
782969140009107456,25136,7718
782747134529531904,7789,1466
782722598790725632,17988,5648
782598640137187329,8116,1969
782305867769217024,17351,5837
782021823840026624,0,6499
781955203444699136,11584,3525
781661882474196992,10883,2842
781655249211752448,4166,1175
781524693396357120,21604,5821
781308096455073793,7430,2667
781251288990355457,8782,2185
781163403222056960,10192,2864
780931614150983680,22506,7672
780858289093574656,7482,2098
780800785462489090,5718,1365
780601303617732608,12613,3492
780543529827336192,6557,1814
780496263422808064,0,3868
780476555013349377,0,119
780459368902959104,5501,1122
780192070812196864,9059,2341
780092040432480260,0,2411
780074436359819264,12730,5199
779834332596887552,19694,7400
779377524342161408,9179,3244
779124354206535695,0,19215
779056095788752897,15379,4729
778990705243029504,20811,7551
778774459159379968,0,10383
778764940568104960,898,380
778748913645780993,7170,1375
778650543019483137,5997,1574
778624900596654080,4815,1058
778408200802557953,14190,4535
778396591732486144,0,12786
778383385161035776,6073,1149
778286810187399168,10811,3442
778039087836069888,8821,2751
778027034220126208,6809,1689
777953400541634568,0,3700
777885040357281792,6612,1702
777684233540206592,11661,3067
777641927919427584,0,4419
777621514455814149,9105,2600
777189768882946048,14868,4491
776819012571455488,0,14305
776813020089548800,5072,1267
776477788987613185,9192,2893
776249906839351296,0,9549
776218204058357768,31133,16600
776201521193218049,9982,2623
776113305656188928,12199,4540
776088319444877312,1910,158
775898661951791106,0,17252
775842724423557120,12175,2785
775733305207554048,14373,4155
775729183532220416,13424,4790
775364825476165632,7691,3106
775350846108426240,10557,4066
775085132600442880,16144,4930
774757898236878852,8901,1856
774639387460112384,6974,1798
774314403806253056,22593,5771
773985732834758656,11127,4034
773922284943896577,6643,1819
773704687002451968,6859,1696
773670353721753600,5532,1354
773547596996571136,22938,6419
773336787167145985,0,5302
773308824254029826,24137,7777
773247561583001600,9780,3380
773191612633579521,10361,4307
772877495989305348,8891,4036
772826264096874500,8334,2444
772615324260794368,0,3512
772581559778025472,6735,1759
772193107915964416,6267,1444
772152991789019136,3937,1171
772117678702071809,3909,769
772114945936949249,2811,485
772102971039580160,4155,968
771908950375665664,6817,1980
771770456517009408,12431,3539
771500966810099713,8559,2708
771380798096281600,10876,5302
771171053431250945,0,7826
771136648247640064,9480,3038
771102124360998913,6467,1486
771014301343748096,7133,1717
771004394259247104,0,224
770787852854652928,5120,1253
770772759874076672,5373,1472
770655142660169732,7579,1823
770414278348247044,6536,2172
770293558247038976,6466,1539
770093767776997377,0,3172
770069151037685760,7842,2386
769940425801170949,32503,9964
769695466921623552,6620,1725
769335591808995329,0,8021
769212283578875904,5597,1779
768970937022709760,14917,6776
768909767477751808,0,2795
768855141948723200,4353,923
768609597686943744,4259,1248
768596291618299904,5220,1333
768554158521745409,0,6058
768473857036525572,14123,3570
768193404517830656,11283,3700
767884188863397888,4930,1443
767754930266464257,16591,5595
767500508068192258,7747,2428
767191397493538821,12713,3928
767122157629476866,10501,2968
766864461642756096,0,5869
766793450729734144,5261,1405
766714921925144576,2687,392
766693177336135680,4158,824
766423258543644672,6218,1656
766313316352462849,7021,1954
766078092750233600,0,2722
766069199026450432,4394,888
766008592277377025,3882,517
765719909049503744,7498,2223
765669560888528897,5368,1264
765395769549590528,27409,3506
765371061932261376,7323,2242
765222098633691136,12025,3512
764857477905154048,6666,1834
764259802650378240,6235,1563
763956972077010945,773,57
763837565564780549,13018,4315
763183847194451968,5566,1536
763167063695355904,0,3137
763103485927849985,7595,2366
762699858130116608,12571,3760
762471784394268675,11628,6696
762464539388485633,10648,4341
762316489655476224,4964,1159
762035686371364864,33005,16153
761976711479193600,5572,2081
761750502866649088,0,4070
761745352076779520,4406,887
761672994376806400,51169,30163
761599872357261312,4258,1224
761371037149827077,0,18720
761334018830917632,5369,1503
761292947749015552,4612,1127
761227390836215808,5478,1619
761004547850530816,11700,3604
760893934457552897,3943,1011
760656994973933572,6828,1979
760641137271070720,5125,1333
760539183865880579,7833,3754
760521673607086080,4371,1445
760290219849637889,27687,11927
760252756032651264,4068,900
760190180481531904,5882,1869
759943073749200896,6129,2156
759923798737051648,15150,5869
759846353224826880,6931,2043
759793422261743616,6151,1965
759566828574212096,0,21840
759557299618865152,4855,1221
759447681597108224,8768,2526
759446261539934208,1724,502
759197388317847553,6258,2016
759159934323924993,0,1206
759099523532779520,14974,4313
759047813560868866,6706,2103
758854675097526272,3658,927
758828659922702336,11548,3981
758474966123810816,3931,1034
758467244762497024,4954,2299
758405701903519748,5363,1982
758355060040593408,3523,1116
758099635764359168,19735,10383
758041019896193024,2786,385
757741869644341248,7091,3365
757729163776290825,0,8297
757725642876129280,4676,1254
757611664640446465,4711,1144
757597904299253760,0,306
757596066325864448,4473,1084
757400162377592832,15607,7081
757393109802180609,6006,1794
757354760399941633,4666,1474
756998049151549440,6479,2051
756939218950160384,6849,2075
756651752796094464,5219,1353
756526248105566208,10731,3714
756303284449767430,4069,1128
756288534030475264,44128,18038
756275833623502848,6620,1581
755955933503782912,7548,2971
755206590534418437,16946,5517
755110668769038337,21865,11466
754874841593970688,0,8203
754856583969079297,7093,2606
754747087846248448,2658,540
754482103782404096,5471,2018
754449512966619136,3866,751
754120377874386944,8101,2431
753655901052166144,6004,2229
753420520834629632,8158,3675
753398408988139520,5947,1977
753375668877008896,7866,2411
753298634498793472,0,5912
753294487569522689,3482,1076
753039830821511168,38230,21626
753026973505581056,4028,1004
752932432744185856,13015,7076
752917284578922496,7101,1630
752701944171524096,0,2964
752682090207055872,6155,1649
752660715232722944,4521,1612
752568224206688256,5688,2358
752519690950500352,7580,3547
752334515931054080,3927,1141
752309394570878976,0,16922
752173152931807232,6109,1891
751950017322246144,3157,954
751937170840121344,5348,1379
751830394383790080,5964,2010
751793661361422336,6022,2988
751598357617971201,8143,3130
751583847268179968,4529,1142
751538714308972544,5188,1302
751456908746354688,3299,1030
751251247299190784,12864,6070
751205363882532864,6498,1883
751132876104687617,5201,1337
750868782890057730,4912,1421
750719632563142656,13556,5194
750506206503038976,4565,1178
750429297815552001,13532,4419
750383411068534784,4684,1185
750381685133418496,723,29
750147208377409536,3197,988
750132105863102464,3729,1334
750117059602808832,4453,1350
750101899009982464,3130,865
750086836815486976,2230,556
750071704093859840,8090,3436
750056684286914561,3237,923
750041628174217216,3263,640
750026558547456000,2786,809
750011400160841729,3322,935
749996283729883136,3151,842
749981277374128128,5251,2526
749774190421639168,4785,1358
749417653287129088,6266,1693
749403093750648834,2700,551
749395845976588288,8836,3552
749317047558017024,5632,2292
749075273010798592,5907,2133
749064354620928000,4925,1563
749036806121881602,3192,812
748977405889503236,11034,3500
748932637671223296,5988,2330
748705597323898880,2843,973
748699167502000129,4869,1644
748692773788876800,4348,1362
748575535303884801,6224,2033
748568946752774144,2247,686
748346686624440324,5350,1266
748337862848962560,7871,4224
748324050481647620,3777,781
748307329658011649,3760,727
748220828303695873,14523,8027
747963614829678593,5917,2205
747933425676525569,6791,2617
747885874273214464,3026,1006
747844099428986880,2886,769
747816857231626240,4974,1195
747651430853525504,1422,159
747648653817413632,13248,6009
747600769478692864,2381,566
747594051852075008,3778,1078
747512671126323200,5683,1642
747461612269887489,3969,1066
747439450712596480,5565,1970
747242308580548608,0,2961
747219827526344708,5412,1621
747204161125646336,3465,941
747103485104099331,9817,4078
746906459439529985,2964,307
746872823977771008,6129,2185
746818907684614144,5435,1781
746790600704425984,4999,1636
746757706116112384,9804,4009
746726898085036033,6202,1842
746542875601690625,5166,1923
746521445350707200,0,1009
746507379341139972,4764,1109
746369468511756288,6329,1677
746131877086527488,7085,2271
746056683365994496,3632,831
745789745784041472,4118,1096
745712589599014916,7163,2388
745433870967832576,7251,2607
745422732645535745,8801,2497
745314880350101504,7348,2839
745074613265149952,8024,3610
745057283344719872,7412,2332
744995568523612160,3035,635
744971049620602880,8071,2755
744709971296780288,5742,1609
744334592493166593,6946,2182
744234799360020481,160286,80133
744223424764059648,1716,376
743980027717509120,4265,1121
743895849529389061,3727,980
743835915802583040,0,2142
743609206067040256,4589,1409
743595368194129920,18865,6723
743545585370791937,3617,969
743510151680958465,8094,3803
743253157753532416,4327,1256
743222593470234624,6355,1947
743210557239623680,3937,1404
742534281772302336,7221,3647
742528092657332225,4533,2029
742465774154047488,7430,3979
742423170473463808,10035,3867
742385895052087300,6959,2027
742161199639494656,4444,1415
742150209887731712,5257,1579
741793263812808706,4655,1544
741743634094141440,8361,2835
741438259667034112,3754,853
741303864243200000,8983,3304
741099773336379392,10235,5656
741067306818797568,9688,3171
740995100998766593,6520,2808
740711788199743490,3489,961
740699697422163968,2906,801
740676976021798912,18561,6975
740373189193256964,35733,13631
740365076218183684,2520,440
740359016048689152,3369,878
740214038584557568,6834,2016
739979191639244800,20402,6058
739932936087216128,4135,1104
739844404073074688,3889,875
739623569819336705,3859,1388
739606147276148736,5481,1691
739544079319588864,40469,21838
739485634323156992,7322,3003
739238157791694849,118388,59401
738891149612572673,112,6
738885046782832640,3845,1168
738883359779196928,3385,814
738537504001953792,5209,1586
738402415918125056,3309,860
738184450748633089,4414,1241
738166403467907072,8974,3455
738156290900254721,2567,662
737826014890496000,5382,1804
737800304142471168,10202,3552
737678689543020544,5146,1362
737445876994609152,10484,4558
737322739594330112,3676,832
737310737551491075,14992,7568
736736130620620800,4381,1773
736392552031657984,18084,7578
736365877722001409,4061,1274
736225175608430592,8287,2838
736010884653420544,8058,3066
735991953473572864,3672,1181
735648611367784448,4094,1128
735635087207878657,6305,2392
735274964362878976,13275,5164
735256018284875776,3402,902
735137028879360001,3189,990
734912297295085568,2799,533
734787690684657664,12810,6419
734776360183431168,2559,556
734559631394082816,1517,404
733828123016450049,3646,803
733822306246479872,3743,1035
733482008106668032,3206,965
733460102733135873,4294,1313
733109485275860992,51197,17252
732732193018155009,2490,548
732726085725589504,3615,906
732585889486888962,3746,788
732375214819057664,8242,2568
732005617171337216,15195,5526
731285275100512256,3554,1003
731156023742988288,3906,1295
730924654643314689,6263,2020
730573383004487680,5016,2173
730427201120833536,3551,1065
730211855403241472,3905,1071
730196704625098752,4962,1951
729854734790754305,4129,1154
729838605770891264,1749,391
729823566028484608,4061,1270
729463711119904772,5905,2366
729113531270991872,1915,330
728986383096946689,3211,833
728760639972315136,4766,1743
728751179681943552,2828,688
728653952833728512,3374,1056
728409960103686147,5013,2051
728387165835677696,3750,979
728046963732717569,4399,1211
728035342121635841,4648,1694
728015554473250816,4188,1127
727685679342333952,3009,649
727644517743104000,6004,1784
727524757080539137,4555,1248
727314416056803329,3400,760
727286334147182592,3104,827
727175381690781696,3973,1413
727155742655025152,3701,1357
726935089318363137,7023,2505
726887082820554753,3911,1548
726828223124897792,3632,1021
726224900189511680,4495,1168
725842289046749185,7181,2722
725786712245440512,4233,1391
725729321944506368,5292,1827
725458796924002305,1436,629
724983749226668032,3788,1339
724771698126512129,2407,650
724405726123311104,5381,1676
724049859469295616,4401,1811
724046343203856385,2704,572
724004602748780546,4248,1592
723912936180330496,3972,1260
723688335806480385,7817,3008
723673163800948736,3066,908
723179728551723008,5382,1891
722974582966214656,4174,1586
722613351520608256,5055,1660
721503162398597120,4713,1899
721001180231503872,2577,626
720785406564900865,3169,782
720775346191278080,2531,679
720415127506415616,4210,1524
720389942216527872,6498,2554
720340705894408192,2923,994
720059472081784833,3941,1138
720043174954147842,4997,2049
719991154352222208,4924,1777
719704490224398336,4643,1469
719551379208073216,5148,1950
719367763014393856,2848,755
719339463458033665,4501,1266
719332531645071360,3482,973
718971898235854848,3552,1096
718939241951195136,5340,1795
718631497683582976,19178,8201
718613305783398402,2478,490
718540630683709445,2519,1031
718460005985447936,2759,533
718454725339934721,4950,1531
718246886998687744,1967,509
718234618122661888,3948,1020
717841801130979328,2501,611
717790033953034240,2934,1138
717537687239008257,5866,1880
717428917016076293,1637,456
717421804990701568,3206,860
717047459982213120,6403,1966
717009362452090881,3318,990
716802964044845056,4378,1196
716791146589110272,7456,1560
716730379797970944,1257,436
716447146686459905,13316,5993
716439118184652801,2417,214
716285507865542656,2826,1088
716080869887381504,6858,1942
715928423106027520,3254,894
715758151270801409,3795,1460
715733265223708672,4754,1718
715704790270025728,2861,573
715696743237730304,3982,1315
715680795826982913,4402,1647
715360349751484417,5571,1603
715342466308784130,3092,704
715220193576927233,2462,663
715200624753819648,5232,1919
715009755312439296,4244,1256
714982300363173890,3820,1052
714962719905021952,7488,4362
714957620017307648,4205,1435
714631576617938945,3332,1019
714606013974974464,3698,943
714485234495041536,2742,1159
714258258790387713,3081,730
714251586676113411,3336,844
714214115368108032,2318,893
714141408463036416,4383,1425
713919462244790272,3353,797
713909862279876608,1951,546
713900603437621249,2891,754
713761197720473600,4965,1403
713411074226274305,4514,1321
713177543487135744,7363,2889
713175907180089344,4551,1490
712809025985978368,18892,6847
712717840512598017,12570,5090
712668654853337088,4255,1233
712438159032893441,5429,1591
712309440758808576,246,25
712097430750289920,3855,1059
712092745624633345,2994,906
712085617388212225,3320,495
712065007010385924,2311,641
711998809858043904,0,130
711968124745228288,8218,2358
711743778164514816,2909,1003
711732680602345472,9039,4203
711694788429553666,33491,18720
711652651650457602,3927,934
711363825979756544,3732,1161
711306686208872448,3382,747
711008018775851008,3051,623
710997087345876993,4655,1405
710844581445812225,2601,706
710833117892898816,2739,545
710658690886586372,2361,571
710609963652087808,4880,2421
710588934686908417,4639,1906
710296729921429505,2419,752
710283270106132480,2187,526
710272297844797440,4622,1271
710269109699739648,2439,1147
710153181850935296,2958,909
710140971284037632,2819,902
710117014656950272,5607,2030
709918798883774466,3051,1083
709901256215666688,683,102
709852847387627521,3588,1223
709566166965075968,3607,1224
709556954897764353,3363,1091
709519240576036864,1519,240
709449600415961088,2276,588
709409458133323776,2670,700
709225125749587968,2451,581
709207347839836162,12824,5938
709198395643068416,2474,658
709179584944730112,2047,680
709158332880297985,2081,425
709042156699303936,4850,1671
708853462201716736,1823,666
708845821941387268,3054,913
708834316713893888,1716,510
708810915978854401,16801,7063
708738143638450176,2800,838
708711088997666817,2596,735
708479650088034305,2604,688
708469915515297792,3159,832
708400866336894977,16310,10301
708356463048204288,3661,1345
708349470027751425,2396,753
708149363256774660,4369,1586
708130923141795840,3455,861
708119489313951744,2742,1004
708109389455101952,1981,556
708026248782585858,4466,1962
707995814724026368,3200,1148
707983188426153984,51,2
707969809498152960,2763,983
707776935007539200,3345,970
707741517457260545,2542,627
707738799544082433,4177,2525
707693576495472641,3487,1019
707629649552134146,2620,897
707610948723478529,17305,6499
707420581654872064,2320,708
707411934438625280,2338,608
707387676719185920,3573,1316
707377100785885184,3351,1104
707315916783140866,2527,659
707297311098011648,2833,803
707059547140169728,2642,690
707038192327901184,2239,803
707021089608753152,4173,1400
707014260413456384,2348,602
706904523814649856,14886,8021
706901761596989440,2105,607
706681918348251136,3393,992
706644897839910912,2628,1121
706593038911545345,2205,646
706538006853918722,3536,1455
706516534877929472,3163,1051
706346369204748288,3519,946
706310011488698368,21790,8125
706291001778950144,1734,482
706265994973601792,2788,947
706169069255446529,3983,2267
706166467411222528,5263,1637
706153300320784384,1514,387
705975130514706432,3175,743
705970349788291072,3214,911
705898680587526145,2413,567
705786532653883392,1982,528
705591895322394625,3238,1176
705475953783398401,3012,938
705442520700944385,4527,1662
705428427625635840,3887,1723
705239209544720384,3064,765
705223444686888960,2629,809
705102439679201280,2194,522
705066031337840642,2224,630
704871453724954624,4352,1134
704859558691414016,2296,553
704847917308362754,5202,1565
704819833553219584,2696,1010
704761120771465216,6764,2961
704499785726889984,2991,1032
704491224099647488,777,81
704480331685040129,3460,1088
704364645503647744,8169,3632
704347321748819968,1619,358
704134088924532736,1536,474
704113298707505153,1887,577
704054845121142784,2992,930
703774238772166656,1877,475
703769065844768768,3348,1163
703631701117943808,2643,696
703611486317502464,3937,1560
703425003149250560,3867,1389
703407252292673536,2504,711
703382836347330562,3586,1162
703356393781329922,1949,393
703268521220972544,2009,556
703079050210877440,7552,3159
703041949650034688,26900,12786
702932127499816960,2648,739
702899151802126337,1637,463
702684942141153280,3298,1093
702671118226825216,2248,569
702598099714314240,12449,3514
702539513671897089,2937,978
702332542343577600,3254,1582
702321140488925184,3338,1060
702276748847800320,2522,782
702217446468493312,4895,1371
701981390485725185,3523,1010
701952816642965504,3907,1048
701889187134500865,3613,1415
701805642395348998,3500,1720
701601587219795968,2129,466
701570477911896070,2874,947
701545186879471618,2714,623
701214700881756160,12487,5232
700890391244103680,2261,578
700864154249383937,2645,631
700847567345688576,2500,512
700796979434098688,2491,970
700747788515020802,23368,9548
700518061187723268,2675,813
700505138482569216,2335,587
700462010979500032,4218,1829
700167517596164096,2693,758
700151421916807169,2280,685
700143752053182464,7693,2795
700062718104104960,2708,705
700029284593901568,2116,602
700002074055016451,3386,1370
699801817392291840,3128,975
699788877217865730,2280,514
699779630832685056,2812,1272
699775878809702401,1996,613
699691744225525762,10494,4722
699446877801091073,6071,2671
699434518667751424,2213,526
699423671849451520,1399,334
699413908797464576,2118,632
699370870310113280,1928,452
699323444782047232,3234,882
699088579889332224,2290,648
699079609774645248,2507,674
699072405256409088,3057,1216
699060279947165696,3853,1844
699036661657767936,2657,1219
698989035503689728,3447,1001
698953797952008193,2763,926
698907974262222848,2596,640
698710712454139905,2523,697
698703483621523456,1482,390
698635131305795584,1316,347
698549713696649216,2379,636
698355670425473025,1908,461
698342080612007937,2309,970
698262614669991936,4861,2046
698195409219559425,17124,6115
698178924120031232,2875,760
697995514407682048,1553,340
697990423684476929,3362,1321
697943111201378304,2442,699
697881462549430272,3082,1210
697630435728322560,1792,551
697616773278015490,3232,1032
697596423848730625,3089,1286
697575480820686848,2079,509
697516214579523584,2114,1144
697482927769255936,2467,689
697463031882764288,3490,1420
697270446429966336,4789,1919
697259378236399616,3362,1026
697255105972801536,3095,1189
697242256848379904,2571,684
696900204696625153,3240,1042
696894894812565505,2390,691
696886256886657024,4969,1843
696877980375769088,2489,720
696754882863349760,1514,370
696744641916489729,2113,961
696713835009417216,2425,663
696518437233913856,3983,1743
696490539101908992,1238,145
696488710901260288,2593,1040
696405997980676096,3273,1177
696100768806522880,1978,670
695816827381944320,3070,1190
695794761660297217,3235,795
695767669421768709,1905,765
695629776980148225,4675,2147
695446424020918272,4489,1852
695409464418041856,8847,3666
695314793360662529,3714,1488
695095422348574720,2691,631
695074328191332352,2904,1125
695064344191721472,1631,602
695051054296211456,2719,800
694925794720792577,2757,939
694905863685980160,2809,953
694669722378485760,36568,14722
694356675654983680,1534,292
694352839993344000,2085,631
694342028726001664,1602,491
694329668942569472,2045,514
694206574471057408,4257,2078
694183373896572928,3011,948
694001791655137281,3475,1051
693993230313091072,1911,410
693942351086120961,1774,376
693647888581312512,2751,602
693644216740769793,1374,126
693642232151285760,2592,417
693629975228977152,2497,809
693622659251335168,1570,378
693590843962331137,5166,2002
693582294167244802,1685,260
693486665285931008,1818,650
693280720173801472,3432,1264
693267061318012928,2433,830
693262851218264065,2272,510
693231807727280129,2926,751
693155686491000832,8045,3278
693109034023534592,1754,633
693095443459342336,1904,477
692919143163629568,2724,768
692905862751522816,2486,892
692901601640583168,1809,614
692894228850999298,2320,823
692828166163931137,2934,897
692752401762250755,6970,3719
692568918515392513,4447,1575
692535307825213440,3251,1392
692530551048294401,1877,421
692423280028966913,1513,232
692417313023332352,9536,3548
692187005137076224,2584,838
692158366030913536,2188,803
692142790915014657,1678,402
692041934689402880,3480,1297
692017291282812928,2935,982
691820333922455552,4035,1695
691793053716221953,8312,4322
691756958957883396,2932,1033
691675652215414786,1989,522
691483041324204033,2431,576
691459709405118465,4126,1166
691444869282295808,2707,869
691416866452082688,19746,7818
691321916024623104,2628,672
691096613310316544,3023,896
691090071332753408,1753,341
690989312272396288,6022,2935
690959652130045952,3673,1280
690938899477221376,4203,2017
690932576555528194,3362,1050
690735892932222976,3865,1299
690728923253055490,2223,528
690690673629138944,2375,824
690649993829576704,1335,286
690607260360429569,297,17
690597161306841088,2010,621
690400367696297985,1921,463
690374419777196032,3323,867
690360449368465409,2713,907
690348396616552449,1543,529
690248561355657216,1713,425
690021994562220032,2854,1051
690015576308211712,2555,754
690005060500217858,3739,1730
689999384604450816,1457,379
689993469801164801,1487,463
689977555533848577,1396,459
689905486972461056,2490,708
689877686181715968,3096,1200
689835978131935233,2205,760
689661964914655233,3280,944
689659372465688576,10601,3973
689623661272240129,2273,652
689599056876867584,11890,5657
689557536375177216,2090,468
689517482558820352,3477,1468
689289219123089408,2304,963
689283819090870273,3353,1132
689280876073582592,2027,727
689275259254616065,1173,247
689255633275777024,2616,1107
689154315265683456,3139,1019
689143371370250240,2054,522
688916208532455424,2783,895
688908934925697024,2157,786
688898160958271489,2146,798
688894073864884227,2289,710
688828561667567616,1410,380
688804835492233216,981,195
688789766343622656,2264,673
688547210804498433,2668,717
688519176466644993,2368,742
688385280030670848,9497,4566
688211956440801280,2283,852
688179443353796608,2169,595
688116655151435777,2892,798
688064179421470721,1764,367
687841446767013888,5592,2577
687826841265172480,2796,1148
687818504314159109,2544,971
687807801670897665,2443,727
687732144991551489,1798,681
687704180304273409,2485,860
687664829264453632,1981,517
687494652870668288,1943,587
687480748861947905,1633,247
687476254459715584,2029,547
687460506001633280,2098,553
687399393394311168,1937,634
687317306314240000,20578,9389
687312378585812992,4458,1946
687127927494963200,5576,2345
687124485711986689,2211,514
687109925361856513,5939,2519
687102708889812993,2394,1004
687096057537363968,2291,615
686947101016735744,8810,3268
686760001961103360,3604,1415
686749460672679938,3556,1488
686730991906516992,4231,1225
686683045143953408,2887,826
686618349602762752,3777,1393
686606069955735556,1937,554
686394059078897668,1776,699
686386521809772549,3332,901
686377065986265092,2256,580
686358356425093120,2236,691
686286779679375361,4086,1695
686050296934563840,2253,740
686035780142297088,1179,121
686034024800862208,3187,1184
686007916130873345,2546,426
686003207160610816,1865,650
685973236358713344,2153,536
685943807276412928,1664,608
685906723014619143,7675,2968
685681090388975616,2082,129
685667379192414208,2405,589
685663452032069632,3323,1495
685641971164143616,3004,798
685547936038666240,33720,16054
685532292383666176,3100,1191
685325112850124800,9683,4070
685321586178670592,2708,660
685315239903100929,3422,1085
685307451701334016,2120,454
685268753634967552,3166,1227
685198997565345792,2389,682
685169283572338688,4197,1457
684969860808454144,2428,381
684959798585110529,6967,3212
684940049151070208,3288,1069
684926975086034944,3577,473
684914660081053696,3583,1493
684902183876321280,1918,542
684880619965411328,2147,837
684830982659280897,35837,22179
684800227459624960,2781,1028
684594889858887680,9110,3612
684588130326986752,4204,1449
684567543613382656,3090,1260
684538444857667585,2705,976
684481074559381504,3968,1199
684460069371654144,2017,570
684241637099323392,8344,3367
684225744407494656,1257,213
684222868335505415,3912,1405
684200372118904832,2210,1057
684195085588783105,1955,523
684188786104872960,3567,1205
684177701129875456,2057,678
684147889187209216,3047,1541
684122891630342144,2046,480
684097758874210310,4213,1463
683857920510050305,3884,1142
683852578183077888,1970,355
683849932751646720,2666,991
683834909291606017,2675,1135
683828599284170753,2861,1093
683773439333797890,3417,1388
683742671509258241,6633,3398
683515932363329536,7496,2964
683498322573824003,3232,981
683481228088049664,2704,1020
683462770029932544,2478,692
683449695444799489,3985,1636
683391852557561860,7804,2451
683357973142474752,2997,950
683142553609318400,2943,1067
683111407806746624,3470,931
683098815881154561,2210,675
683078886620553216,2025,575
683030066213818368,2202,751
682962037429899265,37709,17047
682808988178739200,1817,178
682788441537560576,2525,1136
682750546109968385,1545,448
682697186228989953,1336,367
682662431982772225,3122,1107
682638830361513985,2107,615
682429480204398592,3503,1189
682406705142087680,7745,1808
682393905736888321,2280,693
682389078323662849,1697,475
682303737705140231,3121,1015
682259524040966145,4248,1238
682242692827447297,3323,1199
682088079302213632,18684,10120
682059653698686977,5051,1731
682047327939461121,3264,971
682032003584274432,6733,2058
682003177596559360,3208,1565
681981167097122816,2861,1061
681891461017812993,2519,838
681694085539872773,13049,4162
681679526984871937,1804,455
681654059175129088,2692,947
681610798867845120,1944,481
681579835668455424,3627,1334
681523177663676416,14621,5912
681340665377193984,1669,285
681339448655802368,9496,4178
681320187870711809,2694,769
681302363064414209,4026,1859
681297372102656000,3270,980
681281657291280384,3289,1124
681261549936340994,1485,280
681242418453299201,1514,546
681231109724700672,2453,497
681193455364796417,3776,1520
680970795137544192,2471,674
680959110691590145,4665,2045
680940246314430465,3267,1076
680934982542561280,2115,445
680913438424612864,2448,636
680889648562991104,1798,373
680836378243002368,3535,1355
680805554198020098,2195,677
680801747103793152,2416,835
680798457301471234,2905,1060
680609293079592961,2689,721
680583894916304897,3699,1372
680497766108381184,4313,1957
680494726643068929,1757,494
680473011644985345,2597,756
680440374763077632,1476,510
680221482581123072,1488,298
680206703334408192,2895,1200
680191257256136705,2187,510
680176173301628928,3971,1592
680161097740095489,2368,752
680145970311643136,3683,1781
680130881361686529,2330,969
680115823365742593,2767,925
680100725817409536,3647,1411
680085611152338944,13048,9159
680070545539371008,2634,898
679877062409191424,2009,664
679872969355714560,2218,676
679862121895714818,2497,639
679854723806179328,2911,1255
679844490799091713,2413,780
679828447187857408,36958,14305
679777920601223168,3142,1131
679736210798047232,2126,813
679729593985699840,2201,846
679722016581222400,1683,473
679530280114372609,4861,2123
679527802031484928,2688,734
679511351870550016,3426,1289
679503373272485890,3207,1503
679475951516934144,2125,653
679462823135686656,32272,19214
679405845277462528,2413,1227
679158373988876288,21753,8203
679148763231985668,2823,1049
679132435750195208,3015,1178
679111216690831360,6070,2612
679062614270468097,17305,8297
679047485189439488,2280,684
679001094530465792,2873,1249
678991772295516161,2349,1190
678969228704284672,1674,470
678800283649069056,2622,918
678798276842360832,3499,1188
678774928607469569,2849,926
678767140346941444,3592,1383
678764513869611008,1660,481
678755239630127104,7243,3342
678740035362037760,3808,1708
678708137298427904,5671,2469
678675843183484930,2907,1499
678643457146150913,2076,422
678446151570427904,4057,1580
678424312106393600,5569,2594
678410210315247616,4292,1845
678399652199309312,80363,32295
678396796259975168,1618,420
678389028614488064,1897,432
678380236862578688,2478,924
678341075375947776,1749,545
678334497360859136,1320,259
678278586130948096,11586,6162
678255464182861824,1612,369
678023323247357953,1954,389
678021115718029313,13892,6422
677961670166224897,3462,1705
677918531514703872,1369,419
677895101218201600,4904,2122
677716515794329600,3099,987
677700003327029250,3428,1460
677698403548192770,1247,323
677687604918272002,2510,855
677673981332312066,3366,1517
677662372920729601,1961,970
677644091929329666,1879,809
677573743309385728,2154,724
677565715327688705,1311,468
677557565589463040,2466,1169
677547928504967168,7003,3714
677530072887205888,1082,233
677335745548390400,3069,1806
677334615166730240,1364,287
677331501395156992,1100,236
677328882937298944,3667,1522
677314812125323265,1658,533
677301033169788928,1246,407
677269281705472000,2015,713
677228873407442944,3577,1661
677187300187611136,2771,931
676975532580409345,2804,1087
676957860086095872,2251,815
676949632774234114,1322,398
676948236477857792,2187,871
676946864479084545,1740,375
676942428000112642,2092,761
676936541936185344,12828,4963
676916996760600576,3001,1816
676897532954456065,2269,726
676864501615042560,2115,715
676821958043033607,23225,15769
676819651066732545,1825,676
676811746707918848,1426,426
676776431406465024,5043,2041
676617503762681856,2919,980
676613908052996102,1089,199
676606785097199616,1891,441
676603393314578432,1166,385
676593408224403456,4608,2173
676590572941893632,917,126
676588346097852417,2331,793
676582956622721024,1207,280
676575501977128964,2602,1122
676533798876651520,1884,556
676496375194980353,1527,534
676470639084101634,11687,4706
676440007570247681,1730,673
676430933382295552,1403,347
676263575653122048,2090,553
676237365392908289,1230,289
676219687039057920,76207,31213
676215927814406144,1752,587
676191832485810177,2297,1042
676146341966438401,1926,663
676121918416756736,2169,1166
676101918813499392,2832,1171
676098748976615425,3031,1432
676089483918516224,1321,437
675898130735476737,1627,570
675891555769696257,2141,865
675888385639251968,2391,960
675878199931371520,4192,1405
675870721063669760,1642,569
675853064436391936,2696,1302
675849018447167488,939,145
675845657354215424,2282,882
675822767435051008,1521,536
675820929667219457,1051,234
675798442703122432,10289,3410
675781562965868544,1635,473
675740360753160193,1168,346
675710890956750848,1894,821
675707330206547968,1984,688
675706639471788032,643,97
675534494439489536,1820,418
675531475945709568,1184,386
675522403582218240,1040,289
675517828909424640,1291,464
675501075957489664,17172,5849
675497103322386432,3151,1298
675489971617296384,1301,600
675483430902214656,1842,981
675432746517426176,1525,569
675372240448454658,1692,516
675362609739206656,1050,234
675354435921575936,32684,16922
675349384339542016,3922,2264
675334060156301312,2771,1289
675166823650848770,3614,1601
675153376133427200,6283,2592
675149409102012420,3728,1681
675147105808306176,940,235
675146535592706048,1190,307
675145476954566656,2135,905
675135153782571009,1298,495
675113801096802304,1950,786
675111688094527488,963,253
675109292475830276,2791,1135
675047298674663426,1059,326
675015141583413248,2708,1185
675006312288268288,983,228
675003128568291329,1558,470
674999807681908736,2248,1100
674805413498527744,859,354
674800520222154752,3023,860
674793399141146624,2508,1084
674790488185167872,1100,249
674788554665512960,817,208
674781762103414784,1998,1202
674774481756377088,1111,471
674767892831932416,1824,788
674764817387900928,785,236
674754018082705410,1364,448
674752233200820224,1455,465
674743008475090944,1397,551
674742531037511680,488,50
674739953134403584,1102,385
674737130913071104,644,93
674690135443775488,1144,465
674670581682434048,1599,646
674664755118911488,917,254
674646392044941312,1435,495
674644256330530816,1021,266
674638615994089473,1678,579
674632714662858753,1501,575
674606911342424069,939,97
674468880899788800,6202,2032
674447403907457024,1059,355
674436901579923456,1111,394
674422304705744896,1434,535
674416750885273600,680,140
674410619106390016,1197,462
674394782723014656,1504,574
674372068062928900,844,314
674330906434379776,559,73
674318007229923329,1414,516
674307341513269249,11286,6921
674291837063053312,14680,5847
674271431610523648,1564,730
674269164442398721,902,225
674265582246694913,1646,847
674262580978937856,1299,454
674255168825880576,1458,550
674082852460433408,753,167
674075285688614912,979,287
674063288070742018,6333,2193
674053186244734976,3308,1289
674051556661161984,1439,485
674045139690631169,1412,638
674042553264685056,721,128
674038233588723717,1096,411
674036086168010753,843,209
674024893172875264,1775,1208
674019345211760640,1123,300
674014384960745472,1556,633
674008982932058114,1193,347
673956914389192708,1938,948
673919437611909120,1160,370
673906403526995968,3176,1623
673887867907739649,925,251
673716320723169284,3061,741
673715861853720576,3521,2054
673711475735838725,1030,297
673709992831262724,842,273
673708611235921920,1073,285
673707060090052608,1093,387
673705679337693185,1250,402
673700254269775872,1429,560
673697980713705472,3769,1930
673689733134946305,1723,647
673688752737402881,1254,491
673686845050527744,1422,434
673680198160809984,1364,466
673662677122719744,1244,363
673656262056419329,715,238
673636718965334016,1093,356
673612854080196609,1589,721
673583129559498752,1180,357
673580926094458881,828,269
673576835670777856,1376,555
673363615379013632,1014,305
673359818736984064,1440,665
673355879178194945,1479,569
673352124999274496,1646,531
673350198937153538,742,212
673345638550134785,2487,1251
673343217010679808,963,269
673342308415348736,1260,574
673320132811366400,13356,7826
673317986296586240,871,255
673295268553605120,7461,3137
673270968295534593,1055,365
673240798075449344,1410,724
673213039743795200,2226,833
673148804208660480,1674,622
672997845381865473,1959,716
672995267319328768,944,288
672988786805112832,978,292
672984142909456390,1250,539
672980819271634944,1808,990
672975131468300288,1659,898
672970152493887488,938,353
672968025906282496,1304,542
672964561327235073,1405,633
672902681409806336,1349,498
672898206762672129,898,424
672884426393653248,1528,831
672877615439593473,1018,359
672834301050937345,1303,558
672828477930868736,1244,488
672640509974827008,966,317
672622327801233409,1286,485
672614745925664768,1211,574
672609152938721280,1103,385
672604026190569472,1101,397
672594978741354496,1319,603
672591762242805761,942,332
672591271085670400,716,179
672538107540070400,1019,360
672523490734551040,632,167
672488522314567680,1101,434
672482722825261057,1120,591
672481316919734272,709,124
672475084225949696,1416,692
672466075045466113,1338,530
672272411274932228,6399,3329
672267570918129665,1484,611
672264251789176834,1126,333
672256522047614977,2790,1525
672254177670729728,1416,731
672248013293752320,1710,598
672245253877968896,675,155
672239279297454080,883,319
672231046314901505,1809,992
672222792075620352,776,209
672205392827572224,2238,1138
672169685991993344,1006,364
672160042234327040,864,353
672139350159835138,1726,688
672125275208069120,2371,1128
672095186491711488,993,366
672082170312290304,933,358
672068090318987265,1280,513
671896809300709376,8415,4103
671891728106971137,1317,566
671882082306625538,3425,1361
671879137494245376,1400,667
671874878652489728,1235,549
671866342182637568,1102,485
671855973984772097,894,435
671789708968640512,6992,3441
671768281401958400,1182,501
671763349865160704,1656,905
671744970634719232,1338,756
671743150407421952,741,233
671735591348891648,1430,743
671729906628341761,8414,4292
671561002136281088,12682,7131
671550332464455680,902,206
671547767500775424,1335,585
671544874165002241,1953,1034
671542985629241344,1082,556
671538301157904385,921,391
671536543010570240,1158,399
671533943490011136,1010,570
671528761649688577,835,258
671520732782923777,1385,522
671518598289059840,942,290
671511350426865664,1591,703
671504605491109889,6925,3509
671497587707535361,905,440
671488513339211776,1003,464
671486386088865792,573,195
671485057807351808,757,229
671390180817915904,1427,733
671362598324076544,1091,292
671357843010908160,394,147
671355857343524864,479,114
671347597085433856,945,421
671186162933985280,732,207
671182547775299584,1107,340
671166507850801152,864,348
671163268581498880,1645,1086
671159727754231808,369,81
671154572044468225,703,216
671151324042559489,663,152
671147085991960577,661,218
671141549288370177,1144,648
671138694582165504,909,398
671134062904504320,739,191
671122204919246848,3458,2487
671115716440031232,1358,766
671109016219725825,1130,433
670995969505435648,1099,290
670842764863651840,24327,8554
670840546554966016,582,193
670838202509447168,1093,682
670833812859932673,435,121
670832455012716544,725,213
670826280409919488,5475,3989
670823764196741120,763,186
670822709593571328,602,93
670815497391357952,3145,1518
670811965569282048,1114,268
670807719151067136,1146,486
670804601705242624,1936,943
670803562457407488,338,87
670797304698376195,731,234
670792680469889025,821,273
670789397210615808,655,239
670786190031921152,598,200
670783437142401025,816,383
670782429121134593,1544,758
670780561024270336,779,286
670778058496974848,325,72
670764103623966721,1060,414
670755717859713024,435,109
670733412878163972,950,505
670727704916926465,820,353
670717338665226240,1186,485
670704688707301377,766,369
670691627984359425,588,241
670679630144274432,742,276
670676092097810432,245,41
670668383499735048,10573,4951
670474236058800128,1496,730
670468609693655041,350,86
670465786746662913,959,540
670452855871037440,541,202
670449342516494336,1183,643
670444955656130560,6642,1951
670442337873600512,636,196
670435821946826752,1040,508
670434127938719744,1383,639
670433248821026816,325,111
670428280563085312,1366,613
670427002554466305,518,160
670421925039075328,1287,622
670420569653809152,623,309
670417414769758208,563,315
670411370698022913,2001,880
670408998013820928,552,220
670403879788544000,423,153
670385711116361728,553,202
670374371102445568,744,267
670361874861563904,325,65
670338931251150849,419,107
670319130621435904,3834,1206
670303360680108032,426,130
670290420111441920,697,281
670093938074779648,1015,329
670086499208155136,690,246
670079681849372674,2204,1210
670073503555706880,1562,771
670069087419133954,617,233
670061506722140161,755,331
670055038660800512,661,328
670046952931721218,642,171
670040295598354432,750,110
670037189829525505,584,269
670003130994700288,331,92
669993076832759809,323,83
669972011175813120,444,156
669970042633789440,301,59
669942763794931712,496,159
669926384437997569,368,99
669923323644657664,230,54
669753178989142016,804,391
669749430875258880,264,65
669684865554620416,510,88
669683899023405056,385,110
669682095984410625,347,132
669680153564442624,658,284
669661792646373376,798,426
669625907762618368,3491,1790
669603084620980224,941,357
669597912108789760,508,149
669583744538451968,1477,915
669573570759163904,431,138
669571471778410496,1577,1002
669567591774625800,231,55
669564461267722241,380,121
669393256313184256,362,75
669375718304980992,1320,717
669371483794317312,496,177
669367896104181761,455,149
669363888236994561,614,222
669359674819481600,368,121
669354382627049472,2673,1260
669353438988365824,633,259
669351434509529089,431,181
669328503091937280,1009,413
669327207240699904,571,115
669324657376567296,494,205
669214165781868544,433,161
669203728096960512,994,467
669037058363662336,647,307
669015743032369152,735,370
669006782128353280,572,244
669000397445533696,20631,6274
668994913074286592,436,226
668992363537309700,733,337
668989615043424256,674,325
668988183816871936,886,461
668986018524233728,548,165
668981893510119424,531,301
668979806671884288,788,342
668975677807423489,1287,571
668967877119254528,146,22
668960084974809088,698,235
668955713004314625,275,71
668932921458302977,260,58
668902994700836864,314,100
668892474547511297,393,148
668872652652679168,519,297
668852170888998912,449,164
668826086256599040,428,134
668815180734689280,566,263
668779399630725120,698,368
668655139528511488,524,216
668645506898350081,874,520
668643542311546881,867,523
668641109086707712,1061,532
668636665813057536,1027,481
668633411083464705,2766,1596
668631377374486528,705,310
668627278264475648,311,111
668625577880875008,381,129
668623201287675904,1405,750
668620235289837568,196,40
668614819948453888,607,313
668587383441514497,1657,1054
668567822092664832,241,52
668544745690562560,508,217
668542336805281792,446,211
668537837512433665,249,72
668528771708952576,452,220
668507509523615744,318,101
668496999348633600,404,128
668484198282485761,417,231
668480044826800133,449,144
668466899341221888,870,506
668297328638447616,612,294
668291999406125056,238,29
668286279830867968,496,135
668274247790391296,810,227
668268907921326080,547,232
668256321989451776,1285,596
668248472370458624,965,472
668237644992782336,6097,2798
668226093875376128,294,102
668221241640230912,506,192
668204964695683073,552,190
668190681446379520,646,193
668171859951755264,481,189
668154635664932864,482,302
668142349051129856,566,277
668113020489474048,659,235
667937095915278337,1236,773
667924896115245057,294,109
667915453470232577,205,55
667911425562669056,482,297
667902449697558528,838,370
667886921285246976,1852,1056
667885044254572545,804,469
667878741721415682,385,115
667873844930215936,618,396
667866724293877760,2973,1009
667861340749471744,236,75
667832474953625600,288,61
667806454573760512,1042,482
667801013445750784,323,95
667793409583771648,689,323
667782464991965184,402,241
667773195014021121,233,55
667766675769573376,434,212
667728196545200128,373,146
667724302356258817,471,313
667550904950915073,0,34
667550882905632768,0,32
667549055577362432,5685,2218
667546741521195010,333,121
667544320556335104,848,513
667538891197542400,200,64
667534815156183040,808,511
667530908589760512,457,233
667524857454854144,1662,1085
667517642048163840,362,188
667509364010450944,6670,2073
667502640335572993,526,216
667495797102141441,509,263
667491009379606528,523,221
667470559035432960,252,96
667455448082227200,187,59
667453023279554560,303,88
667443425659232256,765,561
667437278097252352,440,230
667435689202614272,301,83
667405339315146752,455,217
667393430834667520,190,53
667369227918143488,358,159
667211855547486208,480,239
667200525029539841,602,256
667192066997374976,377,98
667188689915760640,731,399
667182792070062081,14052,6009
667177989038297088,186,55
667176164155375616,599,450
667174963120574464,238,79
667171260800061440,217,84
667165590075940865,2628,1106
667160273090932737,250,61
667152164079423490,46689,16522
667138269671505920,4509,2142
667119796878725120,322,125
667090893657276420,328,122
667073648344346624,391,117
667070482143944705,82,14
667065535570550784,160,44
667062181243039745,211,51
667044094246576128,180,49
667012601033924608,438,214
666996132027977728,238,90
666983947667116034,2494,950
666837028449972224,794,538
666835007768551424,207,77
666826780179869698,246,92
666817836334096384,500,242
666804364988780544,228,88
666786068205871104,734,471
666781792255496192,373,183
666776908487630848,335,168
666739327293083650,227,64
666701168228331520,420,212
666691418707132416,184,46
666649482315059201,1087,596
666644823164719104,225,77
666454714377183233,502,204
666447344410484738,98,19
666437273139982337,118,44
666435652385423360,159,51
666430724426358785,304,181
666428276349472768,158,79
666421158376562688,307,110
666418789513326592,116,44
666411507551481857,424,314
666407126856765440,101,35
666396247373291520,160,80
666373753744588802,177,86
666362758909284353,744,535
666353288456101888,209,71
666345417576210432,280,129
666337882303524864,186,86
666293911632134144,476,327
666287406224695296,140,63
666273097616637952,164,74
666268910803644416,98,32
666104133288665088,13756,6146
666102155909144576,74,11
666099513787052032,145,63
666094000022159362,157,68
666082916733198337,107,42
666073100786774016,305,150
666071193221509120,137,54
666063827256086533,455,202
666058600524156928,106,56
666057090499244032,277,131
666055525042405380,417,225
666051853826850816,1163,801
666050758794694657,126,56
666049248165822465,101,41
666044226329800704,280,135
666033412701032449,119,43
666029285002620928,123,45
666020888022790149,2476,479
